Some((
    red: 0.9989369,
    green: 0.85840416,
    blue: 0.15574062,
))