Some((
    red: 0.050980393,
    green: 0.054901958,
    blue: 0.10980392,
    alpha: 1.0,
))