Some((
    red: 0.2901961,
    green: 0.30980393,
    blue: 0.41568628,
))