Some((
    red: 0.09411764,
    green: 0.09411764,
    blue: 0.14509805,
    alpha: 1.0,
))