Some((
    red: 0.27058825,
    green: 0.2784314,
    blue: 0.3529412,
))