Some((
    red: 0.06666667,
    green: 0.06666667,
    blue: 0.105882354,
    alpha: 1.0,
))