Some((
    red: 0.16078432,
    green: 0.17254901,
    blue: 0.23529412,
    alpha: 1.0,
))